{
 "cells": [
  {
   "cell_type": "markdown",
   "metadata": {},
   "source": [
    "# First, conduct the symmetry RHF using the code from psi4 numpy"
   ]
  },
  {
   "cell_type": "code",
   "execution_count": 2,
   "metadata": {},
   "outputs": [
    {
     "name": "stdout",
     "output_type": "stream",
     "text": [
      "\n",
      "Number of occupied orbitals: 5\n",
      "Number of basis functions: 8\n",
      "Number of spin orbitals per irrep: [6, 2]\n",
      "\n",
      "Size of the ERI tensor will be 0.00 GB.\n",
      "Number of spin orbitals per irrep (with empty irreps removed): [6, 2]\n",
      "\n",
      "Total time taken for integrals: 0.011 seconds.\n",
      "Number of occupied spin orbitals per irrep: [4, 1]\n",
      "\n",
      "Total time taken for setup: 0.001 seconds\n",
      "\n",
      "Start SCF iterations:\n",
      "\n",
      "One-electron energy = -92.6518252021035664\n",
      "SCF Iteration   1: Energy = -52.7407997125718850   dE = -5.27408E+01\n",
      "SCF Iteration   2: Energy = -55.3421625426822601   dE = -2.60136E+00\n",
      "SCF Iteration   3: Energy = -55.4436699789657723   dE = -1.01507E-01\n",
      "SCF Iteration   4: Energy = -55.4474269818182250   dE = -3.75700E-03\n",
      "SCF Iteration   5: Energy = -55.4476467146577932   dE = -2.19733E-04\n",
      "SCF Iteration   6: Energy = -55.4476724249625192   dE = -2.57103E-05\n",
      "SCF Iteration   7: Energy = -55.4476763952731631   dE = -3.97031E-06\n",
      "SCF Iteration   8: Energy = -55.4476770504071368   dE = -6.55134E-07\n",
      "SCF Iteration   9: Energy = -55.4476771598367293   dE = -1.09430E-07\n",
      "SCF Iteration  10: Energy = -55.4476771781621807   dE = -1.83255E-08\n",
      "SCF Iteration  11: Energy = -55.4476771812327911   dE = -3.07061E-09\n",
      "Total time for SCF iterations: 0.007 seconds \n",
      "\n"
     ]
    }
   ],
   "source": [
    "\"\"\"A restricted Hartree-Fock script using the Psi4NumPy formalism that\n",
    "accounts for molecular symmetry using symmetrized orbitals.\n",
    "\n",
    "References:\n",
    "- SCF Algorithm taken from [Szabo:1996] (pp. 146)\n",
    "- SCF Equations taken from [Szabo:1996]\n",
    "- Symmetry-specific details taken from https://github.com/CrawfordGroup/ProgrammingProjects/tree/master/Project%2309\n",
    "\"\"\"\n",
    "\n",
    "__authors__ = \"Eric J. Berquist\"\n",
    "__credits__ = [\"Eric J. Berquist\", \"Daniel G. A. Smith\"]\n",
    "\n",
    "__copyright__ = \"(c) 2014-2018, The Psi4NumPy Developers\"\n",
    "__license__ = \"BSD-3-Clause\"\n",
    "__date__ = \"2018-12-26\"\n",
    "\n",
    "import time\n",
    "import numpy as np\n",
    "import psi4\n",
    "from helper_HF import transform_aotoso, transform_sotoao, general_basis_change\n",
    "from ao_to_second_quant_ham_cls import ao_to_mo_second_quant_ham\n",
    "from ao_to_second_quant_ham_cls import qubit_operator_to_sparse_matrix\n",
    "\n",
    "from openfermion import jordan_wigner\n",
    "from scipy.sparse.linalg import eigs\n",
    "\n",
    "# Memory for Psi4 in GB\n",
    "np.set_printoptions(precision=8, linewidth=200, suppress=True)\n",
    "\n",
    "\n",
    "psi4.set_memory('500 MB')\n",
    "psi4.core.set_output_file(\"output.dat\", False)\n",
    "\n",
    "# Memory for NumPy in GB\n",
    "numpy_memory = 2\n",
    "\n",
    "mol = psi4.geometry(\"\"\"\n",
    "X1\n",
    "N2 1 1.0\n",
    "H3 2 r3 1 a3\n",
    "H4 2 r3 1 a3 3 +120\n",
    "H5 2 r3 1 a3 3 -120\n",
    "\n",
    "r3=1.0\n",
    "a3=119\n",
    "\"\"\")\n",
    "\n",
    "psi4.set_options({'basis': 'sto-3g',\n",
    "                  'scf_type': 'direct',\n",
    "                  'e_convergence': 1e-8})\n",
    "\n",
    "# Set defaults\n",
    "maxiter = 50\n",
    "E_conv = 1.0E-8\n",
    "D_conv = 1.0E-7\n",
    "\n",
    "# Integral generation from Psi4's MintsHelper, which automatically\n",
    "# performs symmetry adaptation.\n",
    "wfn = psi4.core.Wavefunction.build(mol, psi4.core.get_global_option('BASIS'))\n",
    "t = time.time()\n",
    "mints = psi4.core.MintsHelper(wfn.basisset())\n",
    "\n",
    "nirrep = wfn.nirrep()\n",
    "# NH3 belongs to the C3v point group, but here we only use Cs, which has two irreducable\n",
    "# representations (irreps): A', A''.\n",
    "assert nirrep == 2\n",
    "nsopi = list(wfn.nsopi())\n",
    "\n",
    "\n",
    "# Get nbf and ndocc for closed shell molecules\n",
    "nbf = sum(nsopi)\n",
    "ndocc = wfn.nalpha()\n",
    "\n",
    "print('\\nNumber of occupied orbitals: %d' % ndocc)\n",
    "print('Number of basis functions: %d' % nbf)\n",
    "print('Number of spin orbitals per irrep:', nsopi)\n",
    "\n",
    "# Run a quick check to make sure everything will fit into memory\n",
    "I_Size = (nbf**4) * 8.e-9\n",
    "print(\"\\nSize of the ERI tensor will be %4.2f GB.\" % I_Size)\n",
    "\n",
    "# Estimate memory usage\n",
    "memory_footprint = I_Size * 1.5\n",
    "if I_Size > numpy_memory:\n",
    "    psi4.core.clean()\n",
    "    raise Exception(\"Estimated memory utilization (%4.2f GB) exceeds numpy_memory \"\n",
    "                    \"limit of %4.2f GB.\" % (memory_footprint, numpy_memory))\n",
    "\n",
    "def filter_empty_irrep(coll):\n",
    "    \"\"\"\n",
    "    A matrix is returned for every irrep, even if the irrep is not present for\n",
    "    the molecule; these must be filtered out to avoid problems with NumPy\n",
    "    arrays that have a zero dimension.\n",
    "    \"\"\"\n",
    "    return tuple(m for m in coll if all(m.shape))\n",
    "\n",
    "# The convention will be to have quantities in the spin orbital (SO) basis\n",
    "# ending with an underscore, each consisting of one matrix per irrep.\n",
    "S_ = filter_empty_irrep(mints.so_overlap().to_array())\n",
    "T_ = filter_empty_irrep(mints.so_kinetic().to_array())\n",
    "V_ = filter_empty_irrep(mints.so_potential().to_array())\n",
    "\n",
    "\n",
    "# The two-electron integrals are not blocked according to symmetry, so a\n",
    "# transformation between the atomic orbital (AO) and SO bases will be required.\n",
    "I_AO = np.asarray(mints.ao_eri())\n",
    "\n",
    "# In order to convert from the C1 AO basis to the symmetrized SO basis, a set\n",
    "# of matrices (one for each irrep with shape [nao, irrep_size]) is used to\n",
    "# transform the dense AO representation into the block-diagonal SO\n",
    "# representation. A SO-to-AO transformation matrix is obtained by transposing\n",
    "# the corresponding AO-to-SO transformation matrix.\n",
    "transformers_ = filter_empty_irrep(wfn.aotoso().to_array())\n",
    "\n",
    "\n",
    "# At this point, all irreps that are not present (such as A_2 in water) should\n",
    "# be filtered out.\n",
    "assert len(S_) == len(T_) == len(V_) == len(transformers_)\n",
    "nirrep = len(S_)\n",
    "nsopi = [n for n in nsopi if n > 0]\n",
    "print('Number of spin orbitals per irrep (with empty irreps removed):', nsopi)\n",
    "\n",
    "print('\\nTotal time taken for integrals: %.3f seconds.' % (time.time() - t))\n",
    "t = time.time()\n",
    "\n",
    "# Build H_core: [Szabo:1996] Eqn. 3.153, pp. 141\n",
    "H_ = [T + V for (T, V) in zip(T_, V_)]\n",
    "\n",
    "def build_orthogonalizer(S):\n",
    "    \"\"\"\n",
    "    Form the orthogonalization matrix A = S^{-1/2} using pure NumPy.\n",
    "    \"\"\"\n",
    "    # Application of a function to a matrix requires transforming to\n",
    "    # the diagonal basis, applying the function to the diagonal form,\n",
    "    # then backtransformation to the original basis.\n",
    "    eigval, eigvec = np.linalg.eigh(S)\n",
    "    eigval_diag = np.diag(eigval ** (-1./2))\n",
    "    return eigvec.dot(eigval_diag).dot(eigvec.T)\n",
    "\n",
    "A_ = [build_orthogonalizer(S) for S in S_]\n",
    "\n",
    "def form_new_orbitals(A, F):\n",
    "    Fp = A.dot(F).dot(A)        # Eqn. 3.177\n",
    "    e, C2 = np.linalg.eigh(Fp)  # Solving Eqn. 1.178\n",
    "    C = A.dot(C2)               # Back transform, Eqn. 3.174\n",
    "    return C, e\n",
    "\n",
    "# Calculate initial core guess: [Szabo:1996] pp. 145\n",
    "C_ = []\n",
    "e_ = []\n",
    "for i in range(nirrep):\n",
    "    C, e = form_new_orbitals(A_[i], H_[i])\n",
    "    C_.append(C)\n",
    "    e_.append(e)\n",
    "\n",
    "# Occupations of each irrep are taken from the lowest eigenvalues (energies)\n",
    "# of the guess coefficients.\n",
    "energies_and_irreps = np.array(sorted(\n",
    "    (energy, irrep)\n",
    "    for (irrep, energies_irrep) in enumerate(e_)\n",
    "    for energy in energies_irrep\n",
    "))\n",
    "lowest_occupied = energies_and_irreps[:ndocc, 1].astype(int).tolist()\n",
    "ndoccpi = [lowest_occupied.count(i) for i in range(nirrep)]\n",
    "print('Number of occupied spin orbitals per irrep:', ndoccpi)\n",
    "\n",
    "# Form (occupied) density: [Szabo:1996] Eqn. 3.145, pp. 139\n",
    "D_ = [np.einsum('mi,ni->mn', C_[i][:, :indocc], C_[i][:, :indocc])\n",
    "      for i, indocc in enumerate(ndoccpi)]\n",
    "\n",
    "print('\\nTotal time taken for setup: %.3f seconds' % (time.time() - t))\n",
    "\n",
    "print('\\nStart SCF iterations:\\n')\n",
    "t = time.time()\n",
    "E = 0.0\n",
    "Enuc = mol.nuclear_repulsion_energy()\n",
    "Eold = 0.0\n",
    "\n",
    "E_ = np.array([(D * (H + H)).sum() for (D, H) in zip(D_, H_)])\n",
    "E_1el = sum(E_) + Enuc\n",
    "print('One-electron energy = %4.16f' % E_1el)\n",
    "\n",
    "def form_new_density(A, F, indocc):\n",
    "    C, _ = form_new_orbitals(A, F)\n",
    "    Cocc = C[:, :indocc]\n",
    "    return np.einsum('mi,ni->mn', Cocc, Cocc)\n",
    "\n",
    "for SCF_ITER in range(1, maxiter + 1):\n",
    "\n",
    "    # Perform the two-electron integral contraction with the density in the AO\n",
    "    # basis.\n",
    "    D_AO = transform_sotoao(D_, transformers_)\n",
    "    J_ = transform_aotoso(np.einsum(\"mnls,ls->mn\", I_AO, D_AO), transformers_)\n",
    "    K_ = transform_aotoso(np.einsum(\"mlns,ls->mn\", I_AO, D_AO), transformers_)\n",
    "    F_ = [H + (2 * J) - K for H, J, K in zip(H_, J_, K_)]\n",
    "    E_ = [np.einsum(\"mn,mn->\", D, H + F) for D, H, F in zip(D_, H_, F_)]\n",
    "\n",
    "    SCF_E = sum(E_) + Enuc\n",
    "\n",
    "    print('SCF Iteration %3d: Energy = %4.16f   dE = % 1.5E' % (SCF_ITER, SCF_E, (SCF_E - Eold)))\n",
    "    if abs(SCF_E - Eold) < E_conv:\n",
    "        break\n",
    "\n",
    "    Eold = SCF_E\n",
    "\n",
    "    D_ = [form_new_density(A_[h], F_[h], indocc)\n",
    "          for h, indocc in enumerate(ndoccpi)]\n",
    "\n",
    "    if SCF_ITER == maxiter:\n",
    "        psi4.core.clean()\n",
    "        raise Exception(\"Maximum number of SCF cycles exceeded.\")\n",
    "\n",
    "print('Total time for SCF iterations: %.3f seconds \\n' % (time.time() - t))\n"
   ]
  },
  {
   "cell_type": "markdown",
   "metadata": {},
   "source": [
    "### Verify the SCF energy"
   ]
  },
  {
   "cell_type": "code",
   "execution_count": 3,
   "metadata": {},
   "outputs": [
    {
     "name": "stdout",
     "output_type": "stream",
     "text": [
      "Final SCF energy: -55.44767718 hartree\n",
      "    SCF Energy............................................................................PASSED\n"
     ]
    },
    {
     "data": {
      "text/plain": [
       "True"
      ]
     },
     "execution_count": 3,
     "metadata": {},
     "output_type": "execute_result"
    }
   ],
   "source": [
    "print('Final SCF energy: %.8f hartree' % SCF_E)\n",
    "SCF_E_psi = psi4.energy('SCF') #SCF energy from Psi4 package\n",
    "psi4.compare_values(SCF_E_psi, SCF_E, 6, 'SCF Energy')"
   ]
  },
  {
   "cell_type": "markdown",
   "metadata": {},
   "source": [
    "### Verify the SCF energy symmetry component\n",
    "Compute the subsymmetry energies for 1-electron and 2-electron respectively"
   ]
  },
  {
   "cell_type": "code",
   "execution_count": 7,
   "metadata": {},
   "outputs": [
    {
     "name": "stdout",
     "output_type": "stream",
     "text": [
      "1-electron energies for two subsymmetires:  [-88.04515651 -11.2367204 ]\n",
      "2-electron energies for two subsymmetires:  [26.6261578   5.04736583]\n",
      "    SCF Energy............................................................................PASSED\n"
     ]
    },
    {
     "data": {
      "text/plain": [
       "True"
      ]
     },
     "execution_count": 7,
     "metadata": {},
     "output_type": "execute_result"
    }
   ],
   "source": [
    "E_1el = np.array([(D * (H + H)).sum() for (D, H) in zip(D_, H_)])\n",
    "E_2el =  np.array([(D * (2*J - K)).sum() for (D, J, K) in zip(D_, J_, K_)])\n",
    "E_SCF_total = Enuc + sum(E_1el) + sum(E_2el)\n",
    "print('1-electron energies for two subsymmetires: ', E_1el)\n",
    "print('2-electron energies for two subsymmetires: ', E_2el)\n",
    "psi4.compare_values(E_SCF_total, SCF_E, 6, 'SCF Energy')"
   ]
  },
  {
   "cell_type": "markdown",
   "metadata": {},
   "source": [
    "# Exp 1: obtain correct SCF energy using concated transformation (passed)"
   ]
  },
  {
   "cell_type": "code",
   "execution_count": 8,
   "metadata": {},
   "outputs": [
    {
     "name": "stdout",
     "output_type": "stream",
     "text": [
      "Notice the ERI tensor in symmetry orbital cannot be seperated into 6x6x6x6 and 2x2x2x2 blocks.\n",
      "The 1-electron energy in subsymmries are: [-88.04515651 -11.2367204 ] ,in full SO symmetry is: -99.28187691738742 Same?  True\n",
      "The 2-electron energy in subsymmries are: [26.6261578   5.04736583] ,in full SO symmetry is: 31.67352363234639 Same?  True\n"
     ]
    }
   ],
   "source": [
    "transformer_full = np.hstack([transformers_[0],transformers_[1]])\n",
    "I_SO_full = general_basis_change(I_AO, transformer_full, (0, 0, 0, 0))\n",
    "\n",
    "# 1-electron AO->SO_full\n",
    "H_AO = transform_sotoao(H_, transformers_)\n",
    "H_SO_full = general_basis_change(H_AO, transformer_full, (0, 0))\n",
    "\n",
    "D_SO_full = general_basis_change(D_AO, transformer_full, (0, 0))\n",
    "\n",
    "J_SO_0 =  np.einsum(\"mnls,ls->mn\", I_SO_full, D_SO_full)\n",
    "K_SO_0 =  np.einsum(\"mlns,ls->mn\", I_SO_full, D_SO_full)\n",
    "\n",
    "E_2el_SO_full = (D_SO_full * (2*J_SO_0 - K_SO_0)).sum()\n",
    "E_1el_SO_full = (D_SO_full * (H_SO_full + H_SO_full)).sum()\n",
    "\n",
    "print('The 1-electron energy in subsymmries are:',E_1el, ',in full SO symmetry is:',E_1el_SO_full, 'Same? ', np.isclose(sum(E_1el),E_1el_SO_full))\n",
    "print('The 2-electron energy in subsymmries are:',E_2el, ',in full SO symmetry is:',E_2el_SO_full, 'Same? ', np.isclose(sum(E_2el),E_2el_SO_full))\n"
   ]
  },
  {
   "cell_type": "markdown",
   "metadata": {},
   "source": [
    "### Notice the ERI tensor in symmetry orbital cannot be seperated into 6x6x6x6 and 2x2x2x2 blocks"
   ]
  },
  {
   "cell_type": "code",
   "execution_count": 11,
   "metadata": {},
   "outputs": [
    {
     "name": "stdout",
     "output_type": "stream",
     "text": [
      "H_SO_full[0,0]:\n",
      "[[ 4.16663034  0.64084888  0.         -0.          0.23514614  0.16627343  0.         -0.        ]\n",
      " [ 0.64084888  0.96986387  0.          0.          0.53964707  0.3815881   0.         -0.        ]\n",
      " [ 0.          0.          0.96712375  0.         -0.18016807  0.25479612  0.          0.        ]\n",
      " [-0.          0.          0.          0.96712375  0.19973758  0.1412358   0.          0.        ]\n",
      " [ 0.23514614  0.53964707 -0.18016807  0.19973758  0.66533179  0.21669556 -0.          0.        ]\n",
      " [ 0.16627343  0.3815881   0.25479612  0.1412358   0.21669556  0.51210489  0.         -0.        ]\n",
      " [ 0.          0.          0.          0.         -0.          0.          0.96712375 -0.31206025]\n",
      " [ 0.         -0.          0.          0.          0.         -0.         -0.31206025  0.35887798]]\n",
      "\n",
      "\n",
      "H_SO_full[0,1]:\n",
      "[[ 0.64084888  0.11746124  0.         -0.          0.04273743  0.03021992  0.         -0.        ]\n",
      " [ 0.11746124  0.22093566  0.         -0.          0.12430869  0.08789952  0.          0.        ]\n",
      " [ 0.          0.          0.22097739  0.         -0.04204743  0.05946405  0.          0.        ]\n",
      " [-0.         -0.          0.          0.22097739  0.04661454  0.03296146  0.          0.        ]\n",
      " [ 0.04273743  0.12430869 -0.04204743  0.04661454  0.15542816  0.05029576 -0.         -0.        ]\n",
      " [ 0.03021992  0.08789952  0.05946405  0.03296146  0.05029576  0.11986369  0.         -0.        ]\n",
      " [ 0.          0.          0.          0.         -0.          0.          0.22097739 -0.07282829]\n",
      " [ 0.          0.          0.          0.         -0.         -0.         -0.07282829  0.08429921]]\n",
      "\n",
      "\n",
      "H_SO_full[0,2]:\n",
      "[[ 0.          0.          0.02096043  0.         -0.00098276  0.00138984  0.         -0.        ]\n",
      " [ 0.          0.          0.03245163  0.         -0.00454066  0.00642146  0.         -0.        ]\n",
      " [ 0.02096043  0.03245163  0.          0.          0.01439874  0.01304566  0.         -0.        ]\n",
      " [ 0.          0.          0.          0.         -0.00149686  0.00211688  0.          0.        ]\n",
      " [-0.00098276 -0.00454066  0.01439874 -0.00149686 -0.00790805  0.00145337  0.          0.        ]\n",
      " [ 0.00138984  0.00642146  0.01304566  0.00211688  0.00145337  0.01170536  0.          0.        ]\n",
      " [ 0.          0.          0.          0.          0.          0.          0.          0.00233862]\n",
      " [-0.          0.         -0.          0.          0.          0.          0.00233862 -0.0037973 ]]\n",
      "\n",
      "\n",
      "H_SO_full[0,3]:\n",
      "[[-0.         -0.          0.          0.02096043  0.00108951  0.0007704   0.         -0.        ]\n",
      " [-0.          0.          0.          0.03245163  0.00503386  0.00355947  0.          0.        ]\n",
      " [ 0.          0.          0.          0.         -0.00149686  0.00211688  0.         -0.        ]\n",
      " [ 0.02096043  0.03245163  0.          0.          0.01470798  0.01040012  0.          0.        ]\n",
      " [ 0.00108951  0.00503386 -0.00149686  0.01470798  0.00876701  0.00322246 -0.         -0.        ]\n",
      " [ 0.0007704   0.00355947  0.00211688  0.01040012  0.00322246  0.00648838  0.          0.        ]\n",
      " [ 0.          0.          0.          0.         -0.          0.          0.         -0.00259263]\n",
      " [ 0.         -0.         -0.          0.         -0.          0.         -0.00259263  0.00420976]]\n",
      "\n",
      "\n",
      "H_SO_full[0,4]:\n",
      "[[ 0.23514614  0.04273743 -0.00098276  0.00108951  0.01566435  0.01097171 -0.          0.        ]\n",
      " [ 0.04273743  0.07986133 -0.00183591  0.00203532  0.04556105  0.03160902 -0.         -0.        ]\n",
      " [-0.00098276 -0.00183591  0.07977816 -0.00012867 -0.01614335  0.02084212  0.         -0.        ]\n",
      " [ 0.00108951  0.00203532 -0.00012867  0.07980474  0.01789681  0.01242021 -0.          0.        ]\n",
      " [ 0.01566435  0.04556105 -0.01614335  0.01789681  0.05730939  0.01830782 -0.         -0.        ]\n",
      " [ 0.01097171  0.03160902  0.02084212  0.01242021  0.01830782  0.0430092  -0.          0.        ]\n",
      " [-0.         -0.          0.         -0.         -0.         -0.          0.08001028 -0.02668367]\n",
      " [ 0.          0.         -0.          0.         -0.         -0.         -0.02668367  0.03103272]]\n",
      "\n",
      "\n",
      "H_SO_full[0,5]:\n",
      "[[ 0.16627343  0.03021992  0.00138984  0.0007704   0.01097171  0.00790618  0.         -0.        ]\n",
      " [ 0.03021992  0.05647049  0.00259637  0.00143919  0.03160902  0.02321009  0.          0.        ]\n",
      " [ 0.00138984  0.00259637  0.05665788  0.00018196 -0.00963879  0.0164428   0.         -0.        ]\n",
      " [ 0.0007704   0.00143919  0.00018196  0.05643048  0.01242021  0.0091144   0.         -0.        ]\n",
      " [ 0.01097171  0.03160902 -0.00963879  0.01242021  0.03942971  0.01313834  0.          0.        ]\n",
      " [ 0.00790618  0.02321009  0.0164428   0.0091144   0.01313834  0.0320552   0.          0.        ]\n",
      " [ 0.          0.          0.          0.          0.          0.          0.05632961 -0.01850144]\n",
      " [ 0.          0.         -0.         -0.          0.          0.         -0.01850144  0.02139448]]\n",
      "\n",
      "\n",
      "H_SO_full[0,6]:\n",
      "[[ 0.          0.          0.          0.         -0.          0.          0.02096043 -0.0017022 ]\n",
      " [ 0.          0.          0.          0.         -0.          0.          0.03245163 -0.00786465]\n",
      " [ 0.          0.          0.          0.          0.          0.          0.          0.00233862]\n",
      " [ 0.          0.          0.          0.         -0.          0.          0.         -0.00259263]\n",
      " [-0.         -0.          0.         -0.          0.          0.          0.01709914 -0.01013714]\n",
      " [ 0.          0.          0.          0.          0.          0.          0.00922671 -0.00251731]\n",
      " [ 0.02096043  0.03245163  0.          0.          0.01709914  0.00922671  0.          0.        ]\n",
      " [-0.0017022  -0.00786465  0.00233862 -0.00259263 -0.01013714 -0.00251731  0.          0.        ]]\n",
      "\n",
      "\n",
      "H_SO_full[0,7]:\n",
      "[[-0.          0.         -0.         -0.          0.          0.         -0.0017022   0.00014801]\n",
      " [ 0.          0.         -0.         -0.         -0.          0.         -0.00317989  0.00085914]\n",
      " [-0.         -0.          0.          0.         -0.         -0.          0.00020102 -0.00029946]\n",
      " [-0.         -0.          0.          0.         -0.         -0.         -0.00022286  0.00033198]\n",
      " [-0.         -0.         -0.         -0.          0.          0.         -0.00179611  0.00116185]\n",
      " [ 0.          0.         -0.         -0.          0.          0.         -0.00090328  0.00027259]\n",
      " [-0.0017022  -0.00317989  0.00020102 -0.00022286 -0.00179611 -0.00090328  0.         -0.        ]\n",
      " [ 0.00014801  0.00085914 -0.00029946  0.00033198  0.00116185  0.00027259 -0.          0.        ]]\n",
      "\n",
      "\n",
      "H_SO_full[1,0]:\n",
      "[[ 0.64084888  0.11746124  0.         -0.          0.04273743  0.03021992  0.         -0.        ]\n",
      " [ 0.11746124  0.22093566  0.         -0.          0.12430869  0.08789952  0.          0.        ]\n",
      " [ 0.          0.          0.22097739  0.         -0.04204743  0.05946405  0.          0.        ]\n",
      " [-0.         -0.          0.          0.22097739  0.04661454  0.03296146  0.          0.        ]\n",
      " [ 0.04273743  0.12430869 -0.04204743  0.04661454  0.15542816  0.05029576  0.          0.        ]\n",
      " [ 0.03021992  0.08789952  0.05946405  0.03296146  0.05029576  0.11986369  0.          0.        ]\n",
      " [ 0.          0.          0.          0.          0.          0.          0.22097739 -0.07282829]\n",
      " [-0.          0.          0.          0.          0.          0.         -0.07282829  0.08429921]]\n",
      "\n",
      "\n",
      "H_SO_full[1,1]:\n",
      "[[ 0.96986387  0.22093566  0.          0.          0.07986133  0.05647049  0.          0.        ]\n",
      " [ 0.22093566  0.70824547  0.         -0.          0.43613852  0.3083965   0.          0.        ]\n",
      " [ 0.          0.          0.70808625  0.         -0.1570682   0.22212798  0.          0.        ]\n",
      " [ 0.         -0.          0.          0.70808625  0.17412865  0.12312755  0.          0.        ]\n",
      " [ 0.07986133  0.43613852 -0.1570682   0.17412865  0.61145899  0.18863681  0.          0.        ]\n",
      " [ 0.05647049  0.3083965   0.22212798  0.12312755  0.18863681  0.47807263  0.          0.        ]\n",
      " [ 0.          0.          0.          0.          0.          0.          0.70808625 -0.2720501 ]\n",
      " [ 0.         -0.          0.          0.          0.          0.         -0.2720501   0.34468626]]\n",
      "\n",
      "\n",
      "H_SO_full[1,2]:\n",
      "[[ 0.          0.          0.03245163  0.         -0.00183591  0.00259637  0.         -0.        ]\n",
      " [ 0.          0.          0.15644927  0.         -0.0336054   0.04752521  0.         -0.        ]\n",
      " [ 0.03245163  0.15644927  0.          0.          0.08551864  0.08471222  0.          0.        ]\n",
      " [ 0.          0.          0.          0.         -0.01266874  0.01791631  0.         -0.        ]\n",
      " [-0.00183591 -0.0336054   0.08551864 -0.01266874 -0.07525185  0.01227498  0.          0.        ]\n",
      " [ 0.00259637  0.04752521  0.08471222  0.01791631  0.01227498  0.1157848   0.          0.        ]\n",
      " [ 0.          0.          0.          0.          0.          0.          0.          0.01979303]\n",
      " [-0.          0.          0.         -0.         -0.          0.          0.01979303 -0.04053295]]\n",
      "\n",
      "\n",
      "H_SO_full[1,3]:\n",
      "[[ 0.         -0.          0.          0.03245163  0.00203532  0.00143919  0.         -0.        ]\n",
      " [-0.         -0.          0.          0.15644927  0.03725555  0.02634365  0.          0.        ]\n",
      " [ 0.          0.          0.          0.         -0.01266874  0.01791631  0.         -0.        ]\n",
      " [ 0.03245163  0.15644927  0.          0.          0.08813592  0.06232151  0.         -0.        ]\n",
      " [ 0.00203532  0.03725555 -0.01266874  0.08813592  0.08342556  0.02721654  0.         -0.        ]\n",
      " [ 0.00143919  0.02634365  0.01791631  0.06232151  0.02721654  0.06418056  0.         -0.        ]\n",
      " [ 0.          0.          0.          0.          0.          0.          0.         -0.02194291]\n",
      " [ 0.          0.         -0.         -0.         -0.         -0.         -0.02194291  0.04493556]]\n",
      "\n",
      "\n",
      "H_SO_full[1,4]:\n",
      "[[ 0.53964707  0.12430869 -0.00454066  0.00503386  0.04556105  0.03160902 -0.          0.        ]\n",
      " [ 0.12430869  0.43613852 -0.0336054   0.03725555  0.30110482  0.1895712  -0.          0.        ]\n",
      " [-0.00454066 -0.0336054   0.43238701 -0.00539964 -0.1288536   0.12516966 -0.         -0.        ]\n",
      " [ 0.00503386  0.03725555 -0.00539964  0.43350255  0.14284944  0.08866968  0.          0.        ]\n",
      " [ 0.04556105  0.30110482 -0.1288536   0.14284944  0.47436821  0.1286754  -0.          0.        ]\n",
      " [ 0.03160902  0.1895712   0.12516966  0.08866968  0.1286754   0.29848344  0.          0.        ]\n",
      " [-0.         -0.         -0.          0.         -0.          0.          0.44212822 -0.19477125]\n",
      " [-0.         -0.         -0.          0.          0.         -0.         -0.19477125  0.27515167]]\n",
      "\n",
      "\n",
      "H_SO_full[1,5]:\n",
      "[[ 0.3815881   0.08789952  0.00642146  0.00355947  0.03160902  0.02321009  0.          0.        ]\n",
      " [ 0.08789952  0.3083965   0.04752521  0.02634365  0.1895712   0.16705774  0.          0.        ]\n",
      " [ 0.00642146  0.04752521  0.3160759   0.00763625 -0.04518749  0.14459534  0.          0.        ]\n",
      " [ 0.00355947  0.02634365  0.00763625  0.30653259  0.08866968  0.0801505   0.          0.        ]\n",
      " [ 0.03160902  0.1895712  -0.04518749  0.08866968  0.26930138  0.09960827  0.          0.        ]\n",
      " [ 0.02321009  0.16705774  0.14459534  0.0801505   0.09960827  0.31893093  0.          0.        ]\n",
      " [ 0.          0.          0.          0.          0.          0.          0.30229975 -0.11844446]\n",
      " [ 0.         -0.          0.          0.         -0.          0.         -0.11844446  0.15281795]]\n",
      "\n",
      "\n",
      "H_SO_full[1,6]:\n",
      "[[ 0.          0.          0.          0.         -0.          0.          0.03245163 -0.00317989]\n",
      " [ 0.          0.          0.          0.         -0.          0.          0.15644927 -0.05820626]\n",
      " [ 0.          0.          0.          0.          0.          0.          0.          0.01979303]\n",
      " [ 0.          0.          0.          0.          0.          0.          0.         -0.02194291]\n",
      " [-0.          0.          0.          0.         -0.          0.          0.10837365 -0.10027258]\n",
      " [ 0.          0.          0.          0.          0.          0.          0.05239034 -0.0212609 ]\n",
      " [ 0.03245163  0.15644927  0.          0.          0.10837365  0.05239034  0.         -0.        ]\n",
      " [-0.00317989 -0.05820626  0.01979303 -0.02194291 -0.10027258 -0.0212609  -0.         -0.        ]]\n",
      "\n",
      "\n",
      "H_SO_full[1,7]:\n",
      "[[ 0.         -0.         -0.          0.          0.          0.         -0.00786465  0.00085914]\n",
      " [-0.          0.         -0.          0.         -0.          0.         -0.05820626  0.03301065]\n",
      " [-0.         -0.         -0.         -0.          0.         -0.          0.00843614 -0.01574174]\n",
      " [ 0.          0.         -0.          0.         -0.          0.         -0.00935245  0.01745157]\n",
      " [-0.         -0.          0.         -0.          0.          0.         -0.05567522  0.0762765 ]\n",
      " [-0.         -0.         -0.          0.         -0.          0.         -0.02008871  0.01219197]\n",
      " [-0.00786465 -0.05820626  0.00843614 -0.00935245 -0.05567522 -0.02008871 -0.          0.        ]\n",
      " [ 0.00085914  0.03301065 -0.01574174  0.01745157  0.0762765   0.01219197  0.          0.        ]]\n",
      "\n",
      "\n",
      "H_SO_full[2,0]:\n",
      "[[ 0.          0.          0.02096043  0.         -0.00098276  0.00138984  0.         -0.        ]\n",
      " [ 0.          0.          0.03245163  0.         -0.00454066  0.00642146  0.         -0.        ]\n",
      " [ 0.02096043  0.03245163  0.          0.          0.01439874  0.01304566  0.         -0.        ]\n",
      " [ 0.          0.          0.          0.         -0.00149686  0.00211688  0.          0.        ]\n",
      " [-0.00098276 -0.00454066  0.01439874 -0.00149686 -0.00790805  0.00145337  0.          0.        ]\n",
      " [ 0.00138984  0.00642146  0.01304566  0.00211688  0.00145337  0.01170536  0.          0.        ]\n",
      " [ 0.          0.          0.          0.          0.          0.          0.          0.00233862]\n",
      " [-0.          0.         -0.          0.          0.          0.          0.00233862 -0.0037973 ]]\n",
      "\n",
      "\n",
      "H_SO_full[2,1]:\n",
      "[[ 0.          0.          0.03245163  0.         -0.00183591  0.00259637  0.         -0.        ]\n",
      " [ 0.          0.          0.15644927  0.         -0.0336054   0.04752521  0.         -0.        ]\n",
      " [ 0.03245163  0.15644927  0.          0.          0.08551864  0.08471222  0.          0.        ]\n",
      " [ 0.          0.          0.          0.         -0.01266874  0.01791631  0.         -0.        ]\n",
      " [-0.00183591 -0.0336054   0.08551864 -0.01266874 -0.07525185  0.01227498  0.          0.        ]\n",
      " [ 0.00259637  0.04752521  0.08471222  0.01791631  0.01227498  0.1157848   0.          0.        ]\n",
      " [ 0.          0.          0.          0.          0.          0.          0.          0.01979303]\n",
      " [-0.          0.          0.         -0.         -0.          0.          0.01979303 -0.04053295]]\n",
      "\n",
      "\n",
      "H_SO_full[2,2]:\n",
      "[[ 0.96712375  0.22097739  0.          0.          0.07977816  0.05665788  0.          0.        ]\n",
      " [ 0.22097739  0.70808625  0.          0.          0.43238701  0.3160759   0.         -0.        ]\n",
      " [ 0.          0.          0.76280454  0.         -0.16494334  0.24043517  0.          0.        ]\n",
      " [ 0.          0.          0.          0.6805675   0.16758245  0.12247312  0.          0.        ]\n",
      " [ 0.07977816  0.43238701 -0.16494334  0.16758245  0.60169383  0.18758005  0.         -0.        ]\n",
      " [ 0.05665788  0.3160759   0.24043517  0.12247312  0.18758005  0.50698183  0.         -0.        ]\n",
      " [ 0.          0.          0.          0.          0.          0.          0.6805675  -0.26182264]\n",
      " [ 0.         -0.          0.          0.          0.          0.         -0.26182264  0.33492274]]\n",
      "\n",
      "\n",
      "H_SO_full[2,3]:\n",
      "[[ 0.          0.          0.          0.         -0.00012867  0.00018196  0.          0.        ]\n",
      " [ 0.          0.          0.          0.         -0.00539964  0.00763625  0.         -0.        ]\n",
      " [ 0.          0.          0.          0.04111852  0.00951193  0.01070038  0.         -0.        ]\n",
      " [ 0.          0.          0.04111852  0.         -0.00896705  0.01268133  0.          0.        ]\n",
      " [-0.00012867 -0.00539964  0.00951193 -0.00896705 -0.01845085  0.00294118 -0.         -0.        ]\n",
      " [ 0.00018196  0.00763625  0.01070038  0.01268133  0.00294118  0.0285828   0.         -0.        ]\n",
      " [ 0.          0.          0.          0.         -0.          0.          0.          0.00324511]\n",
      " [-0.          0.         -0.          0.         -0.          0.          0.00324511 -0.01013195]]\n",
      "\n",
      "\n",
      "H_SO_full[2,4]:\n",
      "[[-0.18016807 -0.04204743  0.01439874 -0.00149686 -0.01614335 -0.00963879  0.         -0.        ]\n",
      " [-0.04204743 -0.1570682   0.08551864 -0.01266874 -0.1288536  -0.04518749 -0.         -0.        ]\n",
      " [ 0.01439874  0.08551864 -0.16494334  0.00951193  0.09483446 -0.0056202   0.         -0.        ]\n",
      " [-0.00149686 -0.01266874  0.00951193 -0.15155044 -0.0601329  -0.02053479 -0.         -0.        ]\n",
      " [-0.01614335 -0.1288536   0.09483446 -0.0601329  -0.22571967 -0.04034378 -0.         -0.        ]\n",
      " [-0.00963879 -0.04518749 -0.0056202  -0.02053479 -0.04034378 -0.04955557  0.          0.        ]\n",
      " [ 0.         -0.          0.         -0.         -0.          0.         -0.15454338  0.08202379]\n",
      " [-0.         -0.         -0.         -0.          0.         -0.          0.08202379 -0.13015227]]\n",
      "\n",
      "\n",
      "H_SO_full[2,5]:\n",
      "[[ 0.25479612  0.05946405  0.01304566  0.00211688  0.02084212  0.0164428   0.         -0.        ]\n",
      " [ 0.05946405  0.22212798  0.08471222  0.01791631  0.12516966  0.14459534  0.         -0.        ]\n",
      " [ 0.01304566  0.08471222  0.24043517  0.01070038 -0.0056202   0.14614686  0.         -0.        ]\n",
      " [ 0.00211688  0.01791631  0.01070038  0.21432469  0.05726093  0.06832719  0.         -0.        ]\n",
      " [ 0.02084212  0.12516966 -0.0056202   0.05726093  0.16783398  0.07922824  0.         -0.        ]\n",
      " [ 0.0164428   0.14459534  0.14614686  0.06832719  0.07922824  0.31012963  0.          0.        ]\n",
      " [ 0.          0.          0.          0.          0.          0.          0.21138727 -0.07734758]\n",
      " [ 0.          0.         -0.         -0.          0.          0.         -0.07734758  0.09539746]]\n",
      "\n",
      "\n",
      "H_SO_full[2,6]:\n",
      "[[ 0.          0.          0.          0.          0.          0.          0.          0.00020102]\n",
      " [ 0.          0.          0.          0.         -0.          0.          0.          0.00843614]\n",
      " [ 0.          0.          0.          0.          0.          0.          0.04111852 -0.01486097]\n",
      " [ 0.          0.          0.          0.         -0.          0.          0.          0.00324511]\n",
      " [-0.          0.          0.         -0.         -0.          0.         -0.01195999  0.02232818]\n",
      " [ 0.          0.          0.          0.         -0.          0.          0.00974391 -0.00060945]\n",
      " [ 0.          0.          0.04111852  0.         -0.01195999  0.00974391  0.         -0.        ]\n",
      " [ 0.00020102  0.00843614 -0.01486097  0.00324511  0.02232818 -0.00060945 -0.         -0.        ]]\n",
      "\n",
      "\n",
      "H_SO_full[2,7]:\n",
      "[[ 0.          0.         -0.          0.         -0.         -0.          0.00233862 -0.00029946]\n",
      " [ 0.          0.         -0.          0.          0.          0.          0.01979303 -0.01574174]\n",
      " [-0.         -0.          0.         -0.         -0.         -0.         -0.01486097  0.01256098]\n",
      " [ 0.          0.         -0.         -0.         -0.         -0.          0.00324511 -0.0081943 ]\n",
      " [-0.          0.         -0.         -0.         -0.         -0.          0.02472729 -0.0413588 ]\n",
      " [-0.          0.         -0.         -0.          0.          0.          0.00368191 -0.00412551]\n",
      " [ 0.00233862  0.01979303 -0.01486097  0.00324511  0.02472729  0.00368191  0.         -0.        ]\n",
      " [-0.00029946 -0.01574174  0.01256098 -0.0081943  -0.0413588  -0.00412551 -0.         -0.        ]]\n",
      "\n",
      "\n",
      "H_SO_full[3,0]:\n",
      "[[-0.         -0.          0.          0.02096043  0.00108951  0.0007704   0.         -0.        ]\n",
      " [-0.          0.          0.          0.03245163  0.00503386  0.00355947  0.          0.        ]\n",
      " [ 0.          0.          0.          0.         -0.00149686  0.00211688  0.         -0.        ]\n",
      " [ 0.02096043  0.03245163  0.          0.          0.01470798  0.01040012  0.          0.        ]\n",
      " [ 0.00108951  0.00503386 -0.00149686  0.01470798  0.00876701  0.00322246 -0.         -0.        ]\n",
      " [ 0.0007704   0.00355947  0.00211688  0.01040012  0.00322246  0.00648838  0.          0.        ]\n",
      " [ 0.          0.          0.          0.         -0.          0.          0.         -0.00259263]\n",
      " [ 0.         -0.         -0.          0.         -0.          0.         -0.00259263  0.00420976]]\n",
      "\n",
      "\n",
      "H_SO_full[3,1]:\n",
      "[[ 0.         -0.          0.          0.03245163  0.00203532  0.00143919  0.         -0.        ]\n",
      " [-0.         -0.          0.          0.15644927  0.03725555  0.02634365  0.          0.        ]\n",
      " [ 0.          0.          0.          0.         -0.01266874  0.01791631  0.         -0.        ]\n",
      " [ 0.03245163  0.15644927  0.          0.          0.08813592  0.06232151  0.         -0.        ]\n",
      " [ 0.00203532  0.03725555 -0.01266874  0.08813592  0.08342556  0.02721654  0.         -0.        ]\n",
      " [ 0.00143919  0.02634365  0.01791631  0.06232151  0.02721654  0.06418056  0.         -0.        ]\n",
      " [ 0.          0.          0.          0.          0.          0.          0.         -0.02194291]\n",
      " [ 0.          0.         -0.         -0.         -0.         -0.         -0.02194291  0.04493556]]\n",
      "\n",
      "\n",
      "H_SO_full[3,2]:\n",
      "[[ 0.          0.          0.          0.         -0.00012867  0.00018196  0.          0.        ]\n",
      " [ 0.          0.          0.          0.         -0.00539964  0.00763625  0.         -0.        ]\n",
      " [ 0.          0.          0.          0.04111852  0.00951193  0.01070038  0.         -0.        ]\n",
      " [ 0.          0.          0.04111852  0.         -0.00896705  0.01268133  0.          0.        ]\n",
      " [-0.00012867 -0.00539964  0.00951193 -0.00896705 -0.01845085  0.00294118 -0.         -0.        ]\n",
